10 96 23 7 72 11 57 40 21 61 91
100
2 89 8
3 71 3 48
3 41 11 70
3 66 8 97
3 97 13 28
2 47 46
3 35 22 25
2 97 85
2 91 8
2 34 79
3 96 17 84
3 71 15 80
2 75 34
2 79 97
2 51 17
3 88 12 39
3 14 54 46
2 38 65
2 21 7
3 37 45 90
2 38 87
3 85 35 65
2 84 41
3 59 24 36
2 36 88
2 66 1
3 65 31 41
2 14 34
3 64 42 25
3 80 18 75
2 31 78
3 59 90 87
2 8 92
3 80 18 69
3 17 78 82
2 72 59
2 71 82
2 6 100
2 51 42
3 62 65 39
2 98 62
3 65 35 64
3 28 39 52
3 99 6 50
3 90 7 88
3 65 34 25
3 52 66 26
3 95 5 43
3 82 67 80
2 44 12
2 95 6
3 76 70 10
2 44 79
2 2 98
2 100 36
2 14 67
2 85 89
2 92 68
2 79 3
2 61 37
2 71 95
3 17 49 65
2 14 20
3 91 3 34
2 89 34
2 10 33
2 81 14
2 13 4
2 21 15
3 66 89 22
3 40 8 74
3 15 56 1
2 37 40
2 62 82
2 90 38
3 82 99 71
2 46 32
3 92 32 51
3 70 39 91
2 56 80
2 16 37
2 31 50
2 42 46
2 50 63
2 67 39
2 70 56
3 6 59 7
3 12 57 41
2 23 80
3 11 33 68
3 57 63 6
2 35 99
2 97 43
2 70 78
3 78 33 64
3 21 24 92
3 19 62 79
2 28 75
2 14 10
2 64 81